5.9 0.0 -3.0 0.0
5.800 0.0 -2.85 0.0
5.700 0.0 -2.70 0.0
5.600 0.0 -2.55 0.0
5.500 0.0 -2.40 0.0
5.400 0.0 -2.25 0.0
5.300 0.0 -2.10 0.0
5.200 0.0 -1.95 0.0
5.100 0.0 -1.80 0.0
5.000 0.0 -1.65 0.0
4.900 0.0 -1.50 0.0
4.800 0.0 -1.35 0.0
4.700 0.0 -1.20 0.0
4.600 0.0 -1.05 0.0
4.500 0.0 -0.90 0.0
4.400 0.0 -0.75 0.0
4.300 0.0 -0.60 0.0
4.200 0.0 -0.45 0.0
4.100 0.0 -0.30 0.0
4.000 0.0 -0.15 0.0
4.1 2.0 1.888 0.0
4.199 2.0 1.833 0.0
4.299 2.0 1.777 0.0
4.399 2.0 1.722 0.0
4.499 2.0 1.666 0.0
4.599 2.0 1.611 0.0
4.699 2.0 1.555 0.0
4.799 2.0 1.500 0.0
4.899 2.0 1.444 0.0
4.999 2.0 1.388 0.0
5.099 2.0 1.333 0.0
5.199 2.0 1.277 0.0
5.299 2.0 1.222 0.0
5.399 2.0 1.166 0.0
5.499 2.0 1.111 0.0
5.599 2.0 1.055 0.0
5.699 2.0 1.000 0.0
5.799 2.0 0.944 0.0
5.899 2.0 0.888 0.0
5.999 2.0 0.833 0.0
6.0 -2.5 5.5 0.0
6.0 -2.5 5.5 0.0
6.0 -2.5 5.5 0.0
6.0 -2.5 5.5 0.0
6.0 -2.5 5.5 0.0
6.0 -2.5 5.5 0.0
6.0 -2.5 5.5 0.0
6.0 -2.5 5.5 0.0
6.0 -2.5 5.5 0.0
6.0 -2.5 5.5 0.0
6.0 -2.5 5.5 0.0
6.0 -2.5 5.5 0.0
6.0 -2.5 5.5 0.0
6.0 -2.5 5.5 0.0
6.0 -2.5 5.5 0.0
6.0 -2.5 5.5 0.0
6.0 -2.5 5.5 0.0
6.0 -2.5 5.5 0.0
6.0 -2.5 5.5 0.0
6.0 -2.5 5.5 0.0
5.9 2.5 7.444 0.0
5.800 2.5 7.388 0.0
5.700 2.5 7.333 0.0
5.600 2.5 7.277 0.0
5.500 2.5 7.222 0.0
5.400 2.5 7.166 0.0
5.300 2.5 7.111 0.0
5.200 2.5 7.055 0.0
5.100 2.5 7.000 0.0
5.000 2.5 6.944 0.0
4.900 2.5 6.888 0.0
4.800 2.5 6.833 0.0
4.700 2.5 6.777 0.0
4.600 2.5 6.722 0.0
4.500 2.5 6.666 0.0
4.400 2.5 6.611 0.0
4.300 2.5 6.555 0.0
4.200 2.5 6.500 0.0
4.100 2.5 6.444 0.0
4.000 2.5 6.388 0.0
4.1 -2.0 12.0 0.0
4.199 -2.0 12.14 0.0
4.299 -2.0 12.29 0.0
4.399 -2.0 12.45 0.0
4.499 -2.0 12.59 0.0
4.599 -2.0 12.74 0.0
4.699 -2.0 12.89 0.0
4.799 -2.0 13.04 0.0
4.899 -2.0 13.19 0.0
4.999 -2.0 13.34 0.0
5.099 -2.0 13.49 0.0
5.199 -2.0 13.64 0.0
5.299 -2.0 13.79 0.0
5.399 -2.0 13.94 0.0
5.499 -2.0 14.09 0.0
5.599 -2.0 14.24 0.0
5.699 -2.0 14.39 0.0
5.799 -2.0 14.54 0.0
5.899 -2.0 14.69 0.0
5.999 -2.0 14.84 0.0
